 ! number of node
 12 12 12
 ! size of domain
  1.000000000000000E+00  1.000000000000000E+00  1.000000000000000E+00
 !grid type
 !   0:equally divided
 !   1:Chebycyev points from 0 to pi/2
 !   2:Chebycyev points from 0 to pi
 2
 ! width of filtering
 5 5 5
 ! filter_type for horizontal direction
 Gaussian
 ! filter_type for z direction
 Gaussian
 ! Filter width
 2.00000000000000000
 ! origianl moments for three directions
  1.000000000000000E+00  9.372492988155443E-17  1.324193597610015E+00
  1.000000000000000E+00  9.372492988155443E-17  1.324193597610015E+00
  1.000000000000000E+00  0.000000000000000E+00  1.333333333333333E+00
 ! coefficients for x-direction of moments
    1  9.456258105354005E-03 -2.650607646572039E-02  7.600622269217641E-02
    2  2.108459871865116E-01 -2.780009907255870E-01  4.519459509528611E-01
    3  5.588635039096244E-01  2.775557561562891E-17  2.679886993124823E-01
    4  2.108459871865116E-01  2.780009907255870E-01  4.519459509528613E-01
    5  9.456258105353990E-03  2.643564455273427E-02  7.580425905300918E-02
 ! coefficients for y-direction of moments
    1  9.456258105354005E-03 -2.650607646572039E-02  7.600622269217641E-02
    2  2.108459871865116E-01 -2.780009907255870E-01  4.519459509528611E-01
    3  5.588635039096244E-01  2.775557561562891E-17  2.679886993124823E-01
    4  2.108459871865116E-01  2.780009907255870E-01  4.519459509528613E-01
    5  9.456258105353990E-03  2.643564455273427E-02  7.580425905300918E-02
 ! node_id, z, delta_z, diff of delta_z
       1 -5.000000000000000E-01  4.306151531636715E-03  1.068381428718567E+00 -1.258646316528320E+02
       2 -4.797464868072487E-01  2.176796831190586E-02  4.497240781784058E-01 -1.431096649169922E+01
       3 -4.206267664155906E-01  3.916149586439133E-02  1.951202750205994E-01 -1.739720821380615E+00
       4 -3.274303669726426E-01  5.423273518681526E-02  1.219662800431252E-01 -6.725303530693054E-01
       5 -2.077075065009432E-01  6.502185761928558E-02  6.229918822646141E-02 -3.806293308734894E-01
       6 -7.115741913664256E-02  7.066752016544342E-02  2.029303461313248E-02 -2.965235412120819E-01
       7  7.115741913664250E-02  7.066752016544342E-02 -2.029301784932613E-02 -2.965233922004700E-01
       8  2.077075065009432E-01  6.502185761928558E-02 -6.229919567704201E-02 -3.806293904781342E-01
       9  3.274303669726426E-01  5.423273146152496E-02 -1.219662651419640E-01 -6.725295186042786E-01
      10  4.206267664155905E-01  3.916149958968163E-02 -1.951202303171158E-01 -1.739722609519958E+00
      11  4.797464868072487E-01  2.176796831190586E-02 -4.497241377830505E-01 -1.431096649169922E+01
      12  5.000000000000000E-01  4.306150134652853E-03 -1.068381547927856E+00 -1.258646469116211E+02
 ! element ID, connectivity, z, delta_z, diff of delta_z
       1       1       2  1.012675650417805E-02  8.621624112129211E-01 -3.054568099975586E+01
       2       2       3  2.955986000597477E-02  2.942085564136505E-01 -4.306580066680908E+00
       3       3       4  4.659820348024368E-02  1.617148220539093E-01 -7.849445343017578E-01
       4       4       5  5.986142903566360E-02  9.011747688055038E-02 -4.983767271041870E-01
       5       5       6  6.827504187822342E-02  4.134499281644821E-02 -3.076245188713074E-01
       6       6       7  7.115741819143295E-02  0.000000000000000E+00 -2.851849794387817E-01
       7       7       8  6.827504187822342E-02 -4.134499281644821E-02 -3.076246976852417E-01
       8       8       9  5.986142903566360E-02 -9.011751413345337E-02 -4.983765780925751E-01
       9       9      10  4.659820348024368E-02 -1.617147177457809E-01 -7.849441170692444E-01
      10      10      11  2.955986000597477E-02 -2.942086458206177E-01 -4.306581974029541E+00
      11      11      12  1.012675650417805E-02 -8.621624708175659E-01 -3.054568290710449E+01
 ! node_id, neighboring_nodes
       1       0       4       1       2       3       4       5
       2       1       3       1       2       3       4       5
       3       2       2       1       2       3       4       5
       4       2       2       2       3       4       5       6
       5       2       2       3       4       5       6       7
       6       2       2       4       5       6       7       8
       7       2       2       5       6       7       8       9
       8       2       2       6       7       8       9      10
       9       2       2       7       8       9      10      11
      10       2       2       8       9      10      11      12
      11       3       1       8       9      10      11      12
      12       4       0       8       9      10      11      12
 ! node_id, coefs of filter
         1  6.397226935877216E+02 -3.534995410511015E+02  5.644414963928210E+02  0.000000000000000E+00  0.000000000000000E+00
         2  4.413257914994959E+02 -1.721944876875091E+00  3.237699932629851E+01  0.000000000000000E+00  0.000000000000000E+00
         3  0.000000000000000E+00  8.391104934673537E+01  1.495336642615770E+01  2.057221327211838E+01  0.000000000000000E+00
         4  0.000000000000000E+00  3.974412470486188E+01  1.354350520005239E+01  1.770563113198466E+01  0.000000000000000E+00
         5  0.000000000000000E+00  2.627522161989965E+01  1.207378262028649E+01  1.706161152035854E+01  0.000000000000000E+00
         6  0.000000000000000E+00  2.055194010169091E+01  1.135278151065195E+01  1.792847155895021E+01  0.000000000000000E+00
         7  0.000000000000000E+00  1.792847155895408E+01  1.135278151065147E+01  2.055194010170327E+01  0.000000000000000E+00
         8  0.000000000000000E+00  1.706161152035905E+01  1.207378262028976E+01  2.627522161990270E+01  0.000000000000000E+00
         9  0.000000000000000E+00  1.770562613990115E+01  1.354350979172876E+01  3.974411692086170E+01  0.000000000000000E+00
        10  0.000000000000000E+00  2.057222196801789E+01  1.495335709162632E+01  8.391106886223079E+01  0.000000000000000E+00
        11  0.000000000000000E+00  0.000000000000000E+00  3.237699932629599E+01 -1.721944876867084E+00  4.413257914994131E+02
        12  0.000000000000000E+00  0.000000000000000E+00  5.644414361075683E+02 -3.534995207616249E+02  6.397226800123274E+02
 ! node_id, 1d_momentum on node (modified)
         1  1.000000000000003E+00  3.862361819262361E-15  2.472392225155525E-05
         2  9.999999999999866E-01 -4.570996359198887E-16  6.317925872281064E-04
         3  9.999999999999714E-01  9.121392877120549E-16  2.044830316056716E-03
         4  9.999999999999807E-01 -1.161180526731975E-15  3.921586088836097E-03
         5  9.999999999998392E-01  2.696410802971450E-15  5.637122318148224E-03
         6  9.999999999996794E-01  1.111068702319695E-14  6.658531104522321E-03
         7  9.999999999998929E-01 -1.034762553420165E-15  6.658531104524561E-03
         8  1.000000000000001E+00 -1.093309470734383E-15  5.637122318148795E-03
         9  1.000000000000001E+00  6.993104012531504E-17  3.921585467954382E-03
        10  1.000000000000034E+00  5.637851296924623E-17  2.044830781718174E-03
        11  9.999999999999087E-01 -1.502270530195915E-15  6.317925872280720E-04
        12  9.999999999995115E-01 -4.045375145977914E-15  2.472390527443225E-05
 ! node_id, diff. of 1d_momentum on node (modified)
         1 -8.171485482406387E-13 -2.132697381473637E-13  2.997349937263327E-02
         2 -4.000693817333012E-13 -3.716898503842475E-14  2.545072567387443E-02
         3 -3.864634252194892E-14 -4.622497550335574E-15  2.159845921219792E-02
         4 -6.204998219260663E-13  8.380038123252228E-15  1.687161604606153E-02
         5 -1.175780635976278E-12  4.788592652308436E-14  1.067980463329166E-02
         6  1.923214638902043E-13 -1.337985889713742E-14  3.662736660198580E-03
         7  1.152172634663834E-12 -4.376311028010640E-14 -3.662736660188502E-03
         8  4.214963239929741E-13  4.310613363110103E-15 -1.067980705603646E-02
         9  1.563846278813075E-13  5.399642964025435E-15 -1.687161385903115E-02
        10 -6.049521455754019E-13 -1.032196442522577E-14 -2.159845513592758E-02
        11 -6.582568805992389E-12 -5.167678666618957E-14 -2.545073175449580E-02
        12 -1.961421378952623E-11 -1.255636289654760E-13 -2.997350021086259E-02
 ! node_id, coefs_4_filtering (modified)
         0         1  1.030338712659840E+00 -3.956647702033700E-02  8.488222181938882E-03  7.395421785613972E-04  0.000000000000000E+00
         0         2  4.518058886916050E-01  4.069561882496516E-01  1.326462820507824E-01  8.591641007947546E-03  0.000000000000000E+00
         0         3  4.839047790972451E-03  3.080526769202855E-01  4.965808191441374E-01  1.835145424448677E-01  7.012913699708313E-03
         0         4  6.690301659120112E-03  2.675198875142338E-01  5.168830585612471E-01  2.020227059053341E-01  6.884046360045743E-03
         0         5  6.972458110998395E-03  2.476225689538755E-01  5.246308147866646E-01  2.138604566516853E-01  6.913701496615375E-03
         0         6  7.006002727478602E-03  2.346311959571295E-01  5.273081085660267E-01  2.240840048104700E-01  6.970687938574505E-03
         0         7  6.970687938576010E-03  2.240840048105023E-01  5.273081085660998E-01  2.346311959572319E-01  7.006002727482808E-03
         0         8  6.913701496615581E-03  2.138604566517071E-01  5.246308147867660E-01  2.476225689539129E-01  6.972458110999198E-03
         0         9  6.884044419096328E-03  2.020226879828398E-01  5.168831059545377E-01  2.675198612947216E-01  6.690300348805453E-03
         0        10  7.012916664075443E-03  1.835145634503042E-01  4.965807517707946E-01  3.080527191984525E-01  4.839048916407248E-03
         0        11  0.000000000000000E+00  8.591641007946861E-03  1.326462820507902E-01  4.069561882496453E-01  4.518058886915264E-01
         0        12  0.000000000000000E+00  7.395420995744912E-04  8.488218335209942E-03 -3.956646127204549E-02  1.030338700836773E+00
 ! node_id, coefs_4_filtering (modified)
         1         1  3.349870740907069E-03 -4.797940425850545E-03  1.373376900072228E-03  7.469278487511099E-05  0.000000000000000E+00
         1         2 -6.134020010396140E-03 -1.253780654794123E-03  6.628195972189223E-03  7.596046930005828E-04  0.000000000000000E+00
         1         3 -3.168877277561580E-04 -1.221604414733648E-02 -2.103320569860423E-04  1.182579101099304E-02  9.174729210865495E-04
         1         4 -7.478297410648996E-04 -1.683086588381543E-02  1.533052814817314E-04  1.630575804798869E-02  1.119632295408739E-03
         1         5 -1.039002250772745E-03 -1.997264591426182E-02  1.669139825518466E-04  1.959141333217678E-02  1.253320850308635E-03
         1         6 -1.220304840604886E-03 -2.153412658747678E-02  6.530820333251405E-05  2.139791777746295E-02  1.291205447297312E-03
         1         7 -1.291205447297591E-03 -2.139791777746656E-02 -6.530820332994493E-05  2.153412658748744E-02  1.220304840605621E-03
         1         8 -1.253320850308674E-03 -1.959141333217828E-02 -1.669139825515829E-04  1.997264591426458E-02  1.039002250772865E-03
         1         9 -1.119631979729627E-03 -1.630575546970671E-02 -1.533057864732956E-04  1.683086364130939E-02  7.478295946003124E-04
         1        10 -9.174733089034662E-04 -1.182579373227544E-02  2.103330013032865E-04  1.221604623841980E-02  3.168878014558800E-04
         1        11  0.000000000000000E+00 -7.596046930005233E-04 -6.628195972189171E-03  1.253780654793158E-03  6.134020010395034E-03
         1        12  0.000000000000000E+00 -7.469277689753763E-05 -1.373376639207194E-03  4.797940173782417E-03 -3.349870757681731E-03
 ! node_id, coefs_4_filtering (modified)
         2         1  1.518817338922497E-05 -1.194453140257058E-04  1.212961498292187E-04  7.684913058817397E-06  0.000000000000000E+00
         2         2  9.154066597268331E-05  8.977815813728031E-05  3.808238563031768E-04  6.964990681496602E-05  0.000000000000000E+00
         2         3  2.081784821941257E-05  5.473004736897510E-04  4.226752951162010E-04  9.306508049500748E-04  1.233858940812762E-04
         2         4  8.437182966072934E-05  1.224727590048127E-03  8.265667299095865E-04  1.599535201724727E-03  1.863847374929272E-04
         2         5  1.568492352724402E-04  1.890470517275849E-03  1.193605816038267E-03  2.164318304177651E-03  2.318784453840177E-04
         2         6  2.159056540378310E-04  2.343601447213356E-03  1.411383704552652E-03  2.444125802598335E-03  2.435144961201481E-04
         2         7  2.435144961202008E-04  2.444125802598787E-03  1.411383704553013E-03  2.343601447214599E-03  2.159056540379610E-04
         2         8  2.318784453840246E-04  2.164318304177782E-03  1.193605816038434E-03  1.890470517276097E-03  1.568492352724583E-04
         2         9  1.863846849419525E-04  1.599534879870892E-03  8.265666873564829E-04  1.224727402648789E-03  8.437181313626582E-05
         2        10  1.233859462366433E-04  9.306510849516599E-04  4.226753201790335E-04  5.473005772897429E-04  2.081785306109465E-05
         2        11  0.000000000000000E+00  6.964990681496056E-05  3.808238563031618E-04  8.977815813728295E-05  9.154066597266663E-05
         2        12  0.000000000000000E+00  7.684912238029178E-06  1.212961320967759E-04 -1.194453130778988E-04  1.518817401752602E-05
 ! node_id, 1d_momentum on node (original)
         1  4.999999999971156E-01  5.045687129352508E-03  9.670018174535327E-05
         2  9.583676399390627E-01  1.032656159009041E-02  6.851788554002018E-04
         3  9.994679944933555E-01  8.447776728530306E-03  2.028069342677472E-03
         4  9.994679944933555E-01  6.576040459566666E-03  3.782931884452506E-03
         5  9.994679944933555E-01  4.171552501787427E-03  5.395625899662319E-03
         6  9.994679944933555E-01  1.429110169491368E-03  6.354132433229195E-03
         7  9.994679944933555E-01 -1.429110169491382E-03  6.354132433229197E-03
         8  9.994679944933555E-01 -4.171552501787452E-03  5.395625899662319E-03
         9  9.994679944933555E-01 -6.576040459566710E-03  3.782931884452509E-03
        10  9.994679944933555E-01 -8.447776728530273E-03  2.028069342677472E-03
        11  9.583676399390628E-01 -1.032656159009041E-02  6.851788554002021E-04
        12  4.999999999971159E-01 -5.045687129352504E-03  9.670018174535326E-05
 ! node_id, diff. of 1d_momentum on node (original)
         1  2.263151264571698E+01  2.607386881712904E-01  2.905563435115364E-02
         2  6.292650203863512E+00  4.286192517985107E-02  2.433275140388739E-02
         3  2.698358821044158E-01 -2.462327122432138E-02  2.033765718570056E-02
         4  5.135313270597009E-17 -2.008378306620586E-02  1.581611996178643E-02
         5  4.266572458147632E-17 -2.008378306620580E-02  1.003305487562468E-02
         6  3.920920131871944E-17 -2.008378306620553E-02  3.437171352314697E-03
         7  3.920920131871943E-17 -2.008378306620557E-02 -3.437171352314690E-03
         8  4.266572458147631E-17 -2.008378306620591E-02 -1.003305487562467E-02
         9  5.135313270597007E-17 -2.008378306620558E-02 -1.581611996178642E-02
        10 -2.698358821044151E-01 -2.462327122432108E-02 -2.033765718570057E-02
        11 -6.292650203863504E+00  4.286192517985067E-02 -2.433275140388737E-02
        12 -2.263151264571697E+01  2.607386881712905E-01 -2.905563435115366E-02
 ! node_id, coefs_4_filtering (original)
         0         1  2.794317519548121E-01  2.108459871865116E-01  9.683347368747449E-03  3.890290030962211E-05  1.058673486657445E-08
         0         2  1.789359897127345E-01  5.588635039096244E-01  2.108459871865116E-01  9.683347368747449E-03  3.881176144485752E-05
         0         3  9.456258105354005E-03  2.108459871865116E-01  5.588635039096244E-01  2.108459871865116E-01  9.456258105353990E-03
         0         4  9.456258105354005E-03  2.108459871865116E-01  5.588635039096244E-01  2.108459871865116E-01  9.456258105353990E-03
         0         5  9.456258105354005E-03  2.108459871865116E-01  5.588635039096244E-01  2.108459871865116E-01  9.456258105353990E-03
         0         6  9.456258105354005E-03  2.108459871865116E-01  5.588635039096244E-01  2.108459871865116E-01  9.456258105353990E-03
         0         7  9.456258105354005E-03  2.108459871865116E-01  5.588635039096244E-01  2.108459871865116E-01  9.456258105353990E-03
         0         8  9.456258105354005E-03  2.108459871865116E-01  5.588635039096244E-01  2.108459871865116E-01  9.456258105353990E-03
         0         9  9.456258105354005E-03  2.108459871865116E-01  5.588635039096244E-01  2.108459871865116E-01  9.456258105353990E-03
         0        10  9.456258105354005E-03  2.108459871865116E-01  5.588635039096244E-01  2.108459871865116E-01  9.456258105353990E-03
         0        11  3.881176144485750E-05  9.683347368747465E-03  2.108459871865116E-01  5.588635039096244E-01  1.789359897127345E-01
         0        12  1.058673486657445E-08  3.890290030962209E-05  9.683347368747465E-03  2.108459871865116E-01  2.794317519548123E-01
 ! node_id, coefs_4_filtering (original)
         1         1  1.570461175219226E-03  3.036579521015754E-03  4.345503181927696E-04  4.094031812781328E-06  2.083111977667493E-09
         1         2 -2.053621253085653E-03  3.013692925914434E-03  8.411726677646187E-03  9.475712209642997E-04  7.192018651141742E-06
         1         3 -6.352362247028743E-04 -7.996339265763867E-03  2.642312023654789E-03  1.310540576531852E-02  1.331634430023734E-03
         1         4 -1.103671829647760E-03 -1.276028943110270E-02  2.056866715673286E-03  1.673736281873390E-02  1.645772185909939E-03
         1         5 -1.482694506743694E-03 -1.649047683509687E-02  1.304786299045301E-03  1.901335827750491E-02  1.826579267077782E-03
         1         6 -1.741598092827013E-03 -1.888470387855346E-02  4.469998563315872E-04  1.974900452542810E-02  1.859407759112161E-03
         1         7 -1.859407759112161E-03 -1.974900452542810E-02 -4.469998563315855E-04  1.888470387855345E-02  1.741598092827012E-03
         1         8 -1.826579267077781E-03 -1.901335827750492E-02 -1.304786299045319E-03  1.649047683509687E-02  1.482694506743694E-03
         1         9 -1.645772185909939E-03 -1.673736281873391E-02 -2.056866715673305E-03  1.276028943110269E-02  1.103671829647762E-03
         1        10 -1.331634430023735E-03 -1.310540576531852E-02 -2.642312023654774E-03  7.996339265763881E-03  6.352362247028741E-04
         1        11 -7.192018651141738E-06 -9.475712209643005E-04 -8.411726677646189E-03 -3.013692925914431E-03  2.053621253085656E-03
         1        12 -2.083111977667490E-09 -4.094031812781328E-06 -4.345503181927696E-04 -3.036579521015750E-03 -1.570461175219226E-03
 ! node_id, coefs_4_filtering (original)
         2         1  1.374128123821164E-05  6.083475041889767E-05  2.168169649898681E-05  4.420408680165277E-07  4.127212406394906E-10
         2         2  2.785176390407305E-05  1.308235789134914E-04  4.271391202482671E-04  9.801414161543668E-05  1.350250718933586E-06
         2         3  4.286780925873946E-05  3.632119878593972E-04  4.080365856786559E-04  1.019617696407759E-03  1.943352634729206E-04
         2         4  1.304747947506323E-04  9.358909587373738E-04  7.711084118174850E-04  1.650162717220311E-03  2.952950019267035E-04
         2         5  2.366081285874642E-04  1.573219021893899E-03  1.104766317873839E-03  2.118580593796159E-03  3.624518375109574E-04
         2         6  3.275712271783433E-04  2.072849020421684E-03  1.303076276188931E-03  2.276151960005030E-03  3.744839494352067E-04
         2         7  3.744839494352069E-04  2.276151960005029E-03  1.303076276188932E-03  2.072849020421685E-03  3.275712271783431E-04
         2         8  3.624518375109579E-04  2.118580593796158E-03  1.104766317873838E-03  1.573219021893900E-03  2.366081285874644E-04
         2         9  2.952950019267040E-04  1.650162717220313E-03  7.711084118174863E-04  9.358909587373731E-04  1.304747947506323E-04
         2        10  1.943352634729208E-04  1.019617696407759E-03  4.080365856786554E-04  3.632119878593982E-04  4.286780925873957E-05
         2        11  1.350250718933585E-06  9.801414161543673E-05  4.271391202482674E-04  1.308235789134914E-04  2.785176390407307E-05
         2        12  4.127212406394906E-10  4.420408680165276E-07  2.168169649898679E-05  6.083475041889766E-05  1.374128123821164E-05
