 ! number of node
 12 12 12
 ! size of domain
  1.000000000000000E+00  1.000000000000000E+00  1.000000000000000E+00
 !grid type
 !   0:equally divided
 !   1:Chebycyev points from 0 to pi/2
 !   2:Chebycyev points from 0 to pi
 2
 ! width of filtering
 5 5 5
 ! filter_type for horizontal direction
 Gaussian
 ! filter_type for z direction
 Gaussian
 ! Filter width
 1.00000000000000000
 ! origianl moments for three directions
  1.000000000000000E+00 -2.692954908562690E-16  3.333333332639730E-01
  1.000000000000000E+00 -2.692954908562690E-16  3.333333332639730E-01
  1.000000000000000E+00  0.000000000000000E+00  3.333333333333333E-01
 ! coefficients for x-direction of moments
    1  1.946203688968491E-05 -4.433378304578468E-05  1.016422399612453E-04
    2  1.151257924121749E-01 -8.324466574940806E-02  7.657319310784234E-02
    3  7.697094910959151E-01 -1.110223024625157E-16  1.799836625663867E-01
    4  1.151257924121750E-01  8.324466574940791E-02  7.657319310784232E-02
    5  1.946203688968491E-05  4.433378304446449E-05  1.016422399582187E-04
 ! coefficients for y-direction of moments
    1  1.946203688968491E-05 -4.433378304578468E-05  1.016422399612453E-04
    2  1.151257924121749E-01 -8.324466574940806E-02  7.657319310784234E-02
    3  7.697094910959151E-01 -1.110223024625157E-16  1.799836625663867E-01
    4  1.151257924121750E-01  8.324466574940791E-02  7.657319310784232E-02
    5  1.946203688968491E-05  4.433378304446449E-05  1.016422399582187E-04
 ! node_id, z, delta_z, diff of delta_z
       1 -5.000000000000000E-01  4.306151531636715E-03  1.068381428718567E+00 -1.258646316528320E+02
       2 -4.797464868072487E-01  2.176796831190586E-02  4.497240781784058E-01 -1.431096649169922E+01
       3 -4.206267664155906E-01  3.916149586439133E-02  1.951202750205994E-01 -1.739720821380615E+00
       4 -3.274303669726426E-01  5.423273518681526E-02  1.219662800431252E-01 -6.725303530693054E-01
       5 -2.077075065009432E-01  6.502185761928558E-02  6.229918822646141E-02 -3.806293308734894E-01
       6 -7.115741913664256E-02  7.066752016544342E-02  2.029303461313248E-02 -2.965235412120819E-01
       7  7.115741913664250E-02  7.066752016544342E-02 -2.029301784932613E-02 -2.965233922004700E-01
       8  2.077075065009432E-01  6.502185761928558E-02 -6.229919567704201E-02 -3.806293904781342E-01
       9  3.274303669726426E-01  5.423273146152496E-02 -1.219662651419640E-01 -6.725295186042786E-01
      10  4.206267664155905E-01  3.916149958968163E-02 -1.951202303171158E-01 -1.739722609519958E+00
      11  4.797464868072487E-01  2.176796831190586E-02 -4.497241377830505E-01 -1.431096649169922E+01
      12  5.000000000000000E-01  4.306150134652853E-03 -1.068381547927856E+00 -1.258646469116211E+02
 ! element ID, connectivity, z, delta_z, diff of delta_z
       1       1       2  1.012675650417805E-02  8.621624112129211E-01 -3.054568099975586E+01
       2       2       3  2.955986000597477E-02  2.942085564136505E-01 -4.306580066680908E+00
       3       3       4  4.659820348024368E-02  1.617148220539093E-01 -7.849445343017578E-01
       4       4       5  5.986142903566360E-02  9.011747688055038E-02 -4.983767271041870E-01
       5       5       6  6.827504187822342E-02  4.134499281644821E-02 -3.076245188713074E-01
       6       6       7  7.115741819143295E-02  0.000000000000000E+00 -2.851849794387817E-01
       7       7       8  6.827504187822342E-02 -4.134499281644821E-02 -3.076246976852417E-01
       8       8       9  5.986142903566360E-02 -9.011751413345337E-02 -4.983765780925751E-01
       9       9      10  4.659820348024368E-02 -1.617147177457809E-01 -7.849441170692444E-01
      10      10      11  2.955986000597477E-02 -2.942086458206177E-01 -4.306581974029541E+00
      11      11      12  1.012675650417805E-02 -8.621624708175659E-01 -3.054568290710449E+01
 ! node_id, neighboring_nodes
       1       0       4       1       2       3       4       5
       2       1       3       1       2       3       4       5
       3       2       2       1       2       3       4       5
       4       2       2       2       3       4       5       6
       5       2       2       3       4       5       6       7
       6       2       2       4       5       6       7       8
       7       2       2       5       6       7       8       9
       8       2       2       6       7       8       9      10
       9       2       2       7       8       9      10      11
      10       2       2       8       9      10      11      12
      11       3       1       8       9      10      11      12
      12       4       0       8       9      10      11      12
 ! node_id, coefs of filter
         1  6.424396764538134E+02 -1.342837131168048E+03  1.185162209589845E+05  0.000000000000000E+00  0.000000000000000E+00
         2  5.427481883057725E+02  1.540512890615992E+01  3.912187845596146E+01  0.000000000000000E+00  0.000000000000000E+00
         3  0.000000000000000E+00  8.685240250130289E+01  2.191536661923410E+01  1.164578408934630E+01  0.000000000000000E+00
         4  0.000000000000000E+00  3.881131483474108E+01  1.742420248864975E+01  1.132316162647253E+01  0.000000000000000E+00
         5  0.000000000000000E+00  2.395599222440082E+01  1.497660884148707E+01  1.226673148888609E+01  0.000000000000000E+00
         6  0.000000000000000E+00  1.747862443044370E+01  1.391885708523062E+01  1.413043495481047E+01  0.000000000000000E+00
         7  0.000000000000000E+00  1.413043495481354E+01  1.391885708523092E+01  1.747862443044021E+01  0.000000000000000E+00
         8  0.000000000000000E+00  1.226673148888154E+01  1.497660884148753E+01  2.395599222439908E+01  0.000000000000000E+00
         9  0.000000000000000E+00  1.132315235921754E+01  1.742420558858504E+01  3.881130305896024E+01  0.000000000000000E+00
        10  0.000000000000000E+00  1.164580154136596E+01  2.191536029495900E+01  8.685242948002025E+01  0.000000000000000E+00
        11  0.000000000000000E+00  0.000000000000000E+00  3.912187845596303E+01  1.540512890616175E+01  5.427481883057847E+02
        12  0.000000000000000E+00  0.000000000000000E+00  1.185162059073086E+05 -1.342837079593084E+03  6.424396631840488E+02
 ! node_id, 1d_momentum on node (modified)
         1  9.999999999999842E-01 -6.205528393470974E-16  6.180980562926617E-06
         2  9.999999999999818E-01  1.509997164740769E-16  1.579481468070271E-04
         3  9.999999999999480E-01 -7.991393750759372E-16  5.112075790141886E-04
         4  9.999999999999888E-01 -3.130993762054477E-17  9.803965222090199E-04
         5  1.000000000000012E+00  1.124938104501332E-15  1.409280579537247E-03
         6  1.000000000000018E+00 -1.757546355224101E-15  1.664632776131277E-03
         7  1.000000000000033E+00 -9.270716315392009E-16  1.664632776131296E-03
         8  9.999999999999876E-01  5.465903608632000E-17  1.409280579537130E-03
         9  1.000000000000049E+00 -3.493159639311998E-16  9.803963669886987E-04
        10  9.999999999999744E-01 -8.724494413860865E-16  5.112076954294505E-04
        11  1.000000000000029E+00 -3.647256108241237E-16  1.579481468070355E-04
        12  9.999999999999878E-01 -6.641822508646200E-16  6.180976318621472E-06
 ! node_id, diff. of 1d_momentum on node (modified)
         1 -1.200876318559527E-13  3.809475168472555E-14  7.493374843156472E-03
         2 -4.558485379450998E-13 -2.249959182259120E-15  6.362681418468253E-03
         3  4.585194202976808E-14 -1.196916349317355E-15  5.399614803049448E-03
         4  3.003812823720623E-13  9.036653050309170E-15  4.217904011516233E-03
         5  1.147628580496651E-13 -6.735929141878245E-15  2.669951158325648E-03
         6  7.486772944382012E-14 -7.358436100735506E-15  9.156841650495184E-04
         7 -1.098492193527607E-13  6.498505995929986E-15 -9.156841650498697E-04
         8  6.237614128026741E-14  2.254454371741693E-15 -2.669951764009321E-03
         9 -6.208450257217048E-14 -4.354272496739162E-15 -4.217903464757900E-03
        10 -1.282563560044494E-13 -1.011688513970587E-16 -5.399613783982458E-03
        11  1.692531786826620E-13  2.623897013090500E-15 -6.362682938622608E-03
        12 -2.048783272263823E-12 -1.478541708742517E-14 -7.493375052715848E-03
 ! node_id, coefs_4_filtering (modified)
         0         1  1.025718689892084E+00 -3.452951952848665E-02  8.810829201738856E-03  4.346478453253605E-10  0.000000000000000E+00
         0         2  2.387902341919724E-01  6.794520356180571E-01  8.172718169411036E-02  3.054849584181134E-05  0.000000000000000E+00
         0         3  1.473849712718621E-05  1.540125206871061E-01  7.482763871452068E-01  9.768467168087969E-02  1.168198962831431E-05
         0         4  1.922479532396645E-05  1.347567274235597E-01  7.603150854127781E-01  1.048960075691097E-01  1.295479921721550E-05
         0         5  1.870614494335607E-05  1.254794522943477E-01  7.644714451433063E-01  1.100157695932660E-01  1.462682414862956E-05
         0         6  1.753296366712096E-05  1.194634244059483E-01  7.658786656184874E-01  1.146242104187210E-01  1.616659319456524E-05
         0         7  1.616659319456878E-05  1.146242104187317E-01  7.658786656184996E-01  1.194634244059399E-01  1.753296366711749E-05
         0         8  1.462682414862414E-05  1.100157695932554E-01  7.644714451432948E-01  1.254794522943455E-01  1.870614494335467E-05
         0         9  1.295478861457362E-05  1.048959981226426E-01  7.603151070305789E-01  1.347567152687218E-01  1.922478949095160E-05
         0        10  1.168200713459048E-05  9.768468388905917E-02  7.482763556131069E-01  1.540125399889682E-01  1.473850170536410E-05
         0        11  0.000000000000000E+00  3.054849584181256E-05  8.172718169411636E-02  6.794520356180923E-01  2.387902341919790E-01
         0        12  0.000000000000000E+00  4.346477901246593E-10  8.810828023826012E-03 -3.452951491219869E-02  1.025718686453713E+00
 ! node_id, coefs_4_filtering (modified)
         1         1  5.266271452057440E-04 -8.115917354299667E-04  2.849645526633332E-04  3.756026890447646E-11  0.000000000000000E+00
         1         2 -2.170680598834442E-03  2.460837524342883E-04  1.922422822117799E-03  2.174024282506176E-06  0.000000000000000E+00
         1         3 -9.099208916005331E-07 -3.736597309044989E-03  6.249751932364701E-04  3.111262533515443E-03  1.269503183877869E-06
         1         4 -1.938594537823662E-06 -4.906987598081482E-03  5.443073214102942E-04  4.362839226585643E-03  1.779644623336759E-06
         1         5 -2.464898773619726E-06 -5.685234343975369E-03  3.579282132652409E-04  5.327504665007616E-03  2.266364477256406E-06
         1         6 -2.665457871576179E-06 -6.027565691009839E-03  1.240870785162388E-04  5.903557975414200E-03  2.586094949218957E-06
         1         7 -2.586094949219520E-06 -5.903557975414869E-03 -1.240870785176960E-04  6.027565691009281E-03  2.665457871575647E-06
         1         8 -2.266364477255567E-06 -5.327504665006901E-03 -3.579282132646199E-04  5.685234343975212E-03  2.464898773619545E-06
         1         9 -1.779643166815954E-06 -4.362838455061097E-03 -5.443074243749154E-04  4.906986928652847E-03  1.938593949632703E-06
         1        10 -1.269505086316927E-06 -3.111263369294956E-03 -6.249750002282175E-04  3.736597953434371E-03  9.099211742466999E-07
         1        11  0.000000000000000E+00 -2.174024282506262E-06 -1.922422822117925E-03 -2.460837524344323E-04  2.170680598834498E-03
         1        12  0.000000000000000E+00 -3.756026413428562E-11 -2.849645148287130E-04  8.115917967155375E-04 -5.266272443272245E-04
 ! node_id, coefs_4_filtering (modified)
         2         1 -1.258809008533558E-05  9.213539987035373E-06  9.555527405220935E-06  3.256005884576807E-12  0.000000000000000E+00
         2         2  2.323198803364382E-05  7.811895938361884E-05  5.644055927844914E-05  1.566401113152540E-07  0.000000000000000E+00
         2         3  5.622023400623116E-08  1.108976376207863E-04  2.729736510197136E-04  1.271408974790011E-04  1.391726606812378E-07
         2         4  1.959713956044919E-07  2.225224375345511E-04  5.251426748479284E-04  2.322892121434804E-04  2.462262874556477E-07
         2         5  3.259758043914467E-07  3.238924961835573E-04  7.555230284672561E-04  3.291857686934075E-04  3.533103886344556E-07
         2         6  4.070387892690000E-07  3.847795922707742E-04  8.925484396390976E-04  3.864818353490255E-04  4.158700831101497E-07
         2         7  4.158700831102409E-07  3.864818353490754E-04  8.925484396391094E-04  3.847795922707318E-04  4.070387892689189E-07
         2         8  3.533103886343249E-07  3.291857686933530E-04  7.555230284672052E-04  3.238924961835456E-04  3.259758043914232E-07
         2         9  2.462260859358018E-07  2.322891532140800E-04  5.251426164405615E-04  2.225223999119767E-04  1.959713361446097E-07
         2        10  1.391728692411761E-07  1.271409484058359E-04  2.729736937826515E-04  1.108976601202522E-04  5.622025146976433E-08
         2        11  0.000000000000000E+00  1.566401113152603E-07  5.644055927845255E-05  7.811895938362333E-05  2.323198803364437E-05
         2        12  0.000000000000000E+00  3.256005471060878E-12  9.555526144311431E-06  9.213535871534871E-06 -1.258808895323030E-05
 ! node_id, 1d_momentum on node (original)
         1  4.999999999991532E-01  2.333246520423108E-03  1.713085098800507E-05
         2  9.997339972457376E-01  4.482460599702260E-03  1.626890196238862E-04
         3  9.999999999940444E-01  3.925703756246061E-03  5.075433134041211E-04
         4  9.999999999940444E-01  3.055903057447179E-03  9.590829332034517E-04
         5  9.999999999940444E-01  1.938531267089188E-03  1.374041498416160E-03
         6  9.999999999940444E-01  6.641112023610011E-04  1.620672596544327E-03
         7  9.999999999940444E-01 -6.641112023610166E-04  1.620672596544327E-03
         8  9.999999999940444E-01 -1.938531267089203E-03  1.374041498416160E-03
         9  9.999999999940444E-01 -3.055903057447192E-03  9.590829332034531E-04
        10  9.999999999940444E-01 -3.925703756246021E-03  5.075433134041206E-04
        11  9.997339972457377E-01 -4.482460599702254E-03  1.626890196238862E-04
        12  4.999999999991534E-01 -2.333246520423108E-03  1.713085098800507E-05
 ! node_id, diff. of 1d_momentum on node (original)
         1  2.467394137948562E+01  1.061156185016015E-01  7.186810863409914E-03
         2  6.299352784502180E+00  2.006289984556892E-02  6.178562221414191E-03
         3  1.746386059437592E-03 -9.365768664564999E-03  5.228559619588111E-03
         4 -5.201512566486591E-17 -9.332986080984259E-03  4.069609228208810E-03
         5 -4.321572820873004E-17 -9.332986080984198E-03  2.581582133141321E-03
         6 -3.971464692309059E-17 -9.332986080983926E-03  8.844106069068351E-04
         7 -3.971464692309058E-17 -9.332986080983922E-03 -8.844106069068351E-04
         8 -4.321572820873003E-17 -9.332986080984184E-03 -2.581582133141314E-03
         9 -5.201512566486589E-17 -9.332986080983992E-03 -4.069609228208812E-03
        10 -1.746386059437018E-03 -9.365768664564874E-03 -5.228559619588122E-03
        11 -6.299352784502172E+00  2.006289984556839E-02 -6.178562221414182E-03
        12 -2.467394137948560E+01  1.061156185016012E-01 -7.186810863409910E-03
 ! node_id, coefs_4_filtering (original)
         0         1  3.848547455479575E-01  1.151257924121750E-01  1.946203893534931E-05  8.543139720820855E-14  3.666898786145153E-27
         0         2  1.148792516986269E-01  7.697094910959151E-01  1.151257924121750E-01  1.946203893534931E-05  8.543139720807783E-14
         0         3  1.946203688968491E-05  1.151257924121749E-01  7.697094910959151E-01  1.151257924121750E-01  1.946203688968491E-05
         0         4  1.946203688968491E-05  1.151257924121749E-01  7.697094910959151E-01  1.151257924121750E-01  1.946203688968491E-05
         0         5  1.946203688968491E-05  1.151257924121749E-01  7.697094910959151E-01  1.151257924121750E-01  1.946203688968491E-05
         0         6  1.946203688968491E-05  1.151257924121749E-01  7.697094910959151E-01  1.151257924121750E-01  1.946203688968491E-05
         0         7  1.946203688968491E-05  1.151257924121749E-01  7.697094910959151E-01  1.151257924121750E-01  1.946203688968491E-05
         0         8  1.946203688968491E-05  1.151257924121749E-01  7.697094910959151E-01  1.151257924121750E-01  1.946203688968491E-05
         0         9  1.946203688968491E-05  1.151257924121749E-01  7.697094910959151E-01  1.151257924121750E-01  1.946203688968491E-05
         0        10  1.946203688968491E-05  1.151257924121749E-01  7.697094910959151E-01  1.151257924121750E-01  1.946203688968491E-05
         0        11  8.543139720807784E-14  1.946203893534931E-05  1.151257924121749E-01  7.697094910959151E-01  1.148792516986269E-01
         0        12  3.666898786145155E-27  8.543139720820857E-14  1.946203893534931E-05  1.151257924121749E-01  3.848547455479577E-01
 ! node_id, coefs_4_filtering (original)
         1         1  1.489042679266938E-03  8.436497561085778E-04  5.540850401851498E-07  7.408040284964946E-15  6.565477292408259E-28
         1         2 -8.376657605845942E-04  2.857451976337484E-03  2.461271710722602E-03  1.402673212950494E-06  1.381813685454979E-14
         1         3 -1.205372988155079E-06 -2.460049393483341E-03  2.505324828939483E-03  3.879496069080361E-03  2.137624697713161E-06
         1         4 -1.973702013520745E-06 -3.878480531216681E-03  1.950231163641226E-03  4.983426728172734E-03  2.699398863420884E-06
         1         5 -2.582133439808801E-06 -4.982700242522719E-03  1.237141367936078E-03  5.683629791328481E-03  3.042483787157437E-06
         1         6 -2.981375771342413E-06 -5.683251213438915E-03  4.238257361637663E-04  5.923378970638686E-03  3.139084768806288E-06
         1         7 -3.139084768806289E-06 -5.923378970638684E-03 -4.238257361637819E-04  5.683251213438914E-03  2.981375771342412E-06
         1         8 -3.042483787157439E-06 -5.683629791328481E-03 -1.237141367936090E-03  4.982700242522716E-03  2.582133439808802E-06
         1         9 -2.699398863420886E-06 -4.983426728172741E-03 -1.950231163641231E-03  3.878480531216680E-03  1.973702013520745E-06
         1        10 -2.137624697713160E-06 -3.879496069080357E-03 -2.505324828939450E-03  2.460049393483345E-03  1.205372988155080E-06
         1        11 -1.381813685454981E-14 -1.402673212950495E-06 -2.461271710722603E-03 -2.857451976337477E-03  8.376657605845949E-04
         1        12 -6.565477292408263E-28 -7.408040284964946E-15 -5.540850401851491E-07 -8.436497561085770E-04 -1.489042679266938E-03
 ! node_id, coefs_4_filtering (original)
         2         1  9.228770212897190E-06  7.885736620267721E-06  1.634415419559668E-08  6.445609682241055E-16  1.176279912360780E-28
         2         2  7.736904320218850E-06  8.786231263967413E-05  6.698729401800257E-05  1.025086437520531E-07  2.238626439029669E-15
         2         3  7.472108239636061E-08  6.682484313497550E-05  2.740411044940919E-04  1.663655225818036E-04  2.371221108536609E-07
         2         4  2.007282112360113E-07  1.661527571728251E-04  5.178834650517532E-04  2.744685369156726E-04  3.774458519648884E-07
         2         5  3.440003696514061E-07  2.742730084947654E-04  7.419711677433896E-04  3.569743937880062E-04  4.789280203476242E-07
         2         6  4.590496596583536E-07  3.568581812472703E-04  8.751579502924534E-04  3.876880666003658E-04  5.093487445790864E-07
         2         7  5.093487445790865E-07  3.876880666003656E-04  8.751579502924533E-04  3.568581812472705E-04  4.590496596583537E-07
         2         8  4.789280203476240E-07  3.569743937880062E-04  7.419711677433898E-04  2.742730084947653E-04  3.440003696514058E-07
         2         9  3.774458519648885E-07  2.744685369156732E-04  5.178834650517538E-04  1.661527571728251E-04  2.007282112360112E-07
         2        10  2.371221108536607E-07  1.663655225818032E-04  2.740411044940917E-04  6.682484313497570E-05  7.472108239636077E-08
         2        11  2.238626439029672E-15  1.025086437520532E-07  6.698729401800267E-05  8.786231263967396E-05  7.736904320218849E-06
         2        12  1.176279912360781E-28  6.445609682241056E-16  1.634415419559668E-08  7.885736620267721E-06  9.228770212897195E-06
